0.000031
0.000031
0.000031
0.000031
0.000031
0.000031
0.000031
0.000031
0.000031
0.000306
0.000307
0.000031
0.000031
0.000313
0.000317
0.000321
0.000326
0.000331
0.000337
0.000344
0.000350
0.000358
0.000366
0.000375
0.000384
0.000393
0.000404
0.000415
0.000426
0.000438
0.000451
0.000465
0.000479
0.000494
0.000510
0.000526
0.000544
0.000562
0.000581
0.000601
0.000622
0.000644
0.000666
0.000690
0.000716
0.000742
0.000769
0.000798
0.000828
0.000859
0.000892
0.000926
0.000961
0.000999
0.001037
0.001078
0.001120
0.001164
0.001210
0.001258
0.001308
0.001360
0.001414
0.001471
0.001530
0.001591
0.001655
0.001721
0.001791
0.001863
0.001938
0.002016
0.002097
0.002181
0.002269
0.002360
0.002455
0.002554
0.002656
0.002763
0.002873
0.002988
0.003107
0.003231
0.003359
0.003492
0.003631
0.003774
0.003922
0.004076
0.004236
0.004402
0.004573
0.004750
0.004934
0.005124
0.005321
0.005525
0.005736
0.005954
0.006179
0.006412
0.006653
0.006902
0.007159
0.007424
0.007698
0.007981
0.008272
0.008573
0.008884
0.009204
0.009534
0.009873
0.010224
0.010584
0.010956
0.011338
0.011731
0.012136
0.012552
0.012980
0.013420
0.013872
0.014336
0.014813
0.015303
0.015805
0.016321
0.016850
0.017393
0.017949
0.018519
0.019103
0.019701
0.020314
0.020941
0.021583
0.022239
0.022911
0.023598
0.024299
0.025017
0.025749
0.026497
0.027261
0.028040
0.028836
0.029647
0.030474
0.031317
0.032176
0.033051
0.033942
0.034849
0.035772
0.036712
0.037667
0.038638
0.039626
0.040629
0.041648
0.042683
0.043734
0.044800
0.045882
0.046979
0.048092
0.049219
0.050362
0.051519
0.052691
0.053878
0.055078
0.056293
0.057521
0.058763
0.060019
0.061287
0.062568
0.063862
0.065168
0.066486
0.067815
0.069156
0.070508
0.071870
0.073243
0.074626
0.076018
0.077419
0.078830
0.080248
0.081675
0.083109
0.084551
0.085999
0.087454
0.088915
0.090381
0.091853
0.093329
0.094809
0.096293
0.097780
0.099271
0.100763
0.102258
0.103754
0.105251
0.106749
0.108247
0.109744
0.111241
0.112736
0.114230
0.115721
0.117210
0.118696
0.120178
0.121656
0.123130
0.124599
0.126062
0.127520
0.128972
0.130417
0.131855
0.133285
0.134708
0.136123
0.137529
0.138926
0.140313
0.141691
0.143059
0.144417
0.145764
0.147099
0.148423
0.149736
0.151036
0.152324
0.153600
0.154863
0.156112
0.157348
0.158570
0.159779
0.160973
0.162153
0.163318
0.164468
0.165604
0.166724
0.167829
0.168919
0.169993
0.171051
0.172094
0.173120
0.174130
0.175124
0.176102
0.177063
0.178008
0.178937
0.179849
0.180744
0.181623
0.182485
0.183330
0.184159
0.184971
0.185767
0.186546
0.187308
0.188054
0.188783
0.189496
0.190193
0.190873
0.191537
0.192185
0.192817
0.193433
0.194033
0.194617
0.195186
0.195740
0.196277
0.196800
0.197308
0.197800
0.198278
0.198742
0.199191
0.199625
0.200045
0.200452
0.200845
0.201224
0.201589
0.201942
0.202281
0.202608
0.202922
0.203223
0.203512
0.203789
0.204055
0.204308
0.204551
0.204782
0.205002
0.205211
0.205410
0.205598
0.205777
0.205945
0.206104
0.206253
0.206393
0.206524
0.206646
0.206760
0.206865
0.206962
0.207051
0.207132
0.207206
0.207273
0.207332
0.207385
0.207431
0.207471
0.207505
0.207532
0.207554
0.207570
0.207581
0.207587
0.207588
0.207584
0.207575
0.207562
0.207546
0.207525
0.207500
0.207472
0.207441
0.207406
0.207369
0.207328
0.207285
0.207240
0.207193
0.207143
0.207092
0.207039
0.206984
0.206928
0.206871
0.206813
0.206753
0.206694
0.206634
0.206573
0.206512
0.206451
0.206390
0.206330
0.206270
0.206210
0.206151
0.206093
0.206036
0.205980
0.205925
0.205871
0.205819
0.205769
0.205720
0.205673
0.205628
0.205586
0.205545
0.205507
0.205471
0.205438
0.205408
0.205380
0.205355
0.205333
0.205315
0.205299
0.205287
0.205278
0.205273
0.205271
0.205273
0.205279
0.205288
0.205302
0.205319
0.205341
0.205367
0.205397
0.205431
0.205470
0.205514
0.205562
0.205614
0.205672
0.205734
0.205801
0.205873
0.205950
0.206032
0.206119
0.206211
0.206309
0.206412
0.206520
0.206634
0.206753
0.206878
0.207008
0.207144
0.207286
0.207433
0.207587
0.207746
0.207911
0.208082
0.208259
0.208442
0.208632
0.208827
0.209028
0.209236
0.209450
0.209671
0.209897
0.210131
0.210370
0.210616
0.210869
0.211128
0.211394
0.211666
0.211945
0.212231
0.212523
0.212823
0
